# expected double_zernike output with the reference sphere of the current delrays (paraxial focus, medial radius), Python re-implementation, nm
(5, 2, 2)
 ( 1,  0,  0):     +0.003    +8.063    -8.057    +0.003    +8.063    -8.057    +0.001
 ( 2,  1,  1):     +7.179    +2.441    -2.443    -7.179    -2.442    +2.441    -0.000
 ( 3,  1,  1):     +0.002    +5.557    +5.557    +0.002    -5.552    -5.553    +0.001
 ( 4,  2,  0):     +0.011    +4.643    -4.621    +0.012    +4.642    -4.622    +0.003
 ( 5,  2,  2):   -256.772  -256.767  -256.764  -256.772  -256.766  -256.764  -249.059
 ( 6,  2,  2):     +0.007    +0.010    +0.002    +0.006    +0.011    +0.003    +0.002
 ( 7,  3,  1):     +0.005    +6.205    +6.204    +0.005    -6.192    -6.194    +0.002
 ( 8,  3,  1):     +7.147    +3.597    -3.590    -7.139    -3.590    +3.598    +0.001
(6, 2, 2)
 ( 1,  0,  0):     -9.308    +4.652    +4.652    -9.308    +4.652    +4.652    -0.000
 ( 2,  1,  1):     -0.002    +5.552    +5.552    -0.003    -5.558    -5.557    -0.001
 ( 3,  1,  1):     -5.646    -3.969    +3.975    +5.651    +3.976    -3.969    +0.001
 ( 4,  2,  0):     -5.349    +2.673    +2.674    -5.349    +2.673    +2.674    -0.000
 ( 5,  2,  2):     +0.008    +0.010    +0.002    +0.007    +0.010    +0.002    +0.002
 ( 6,  2,  2):   -256.761  -256.767  -256.768  -256.763  -256.769  -256.768  -249.059
 ( 7,  3,  1):     -7.160    -3.550    +3.577    +7.185    +3.578    -3.551    +0.004
 ( 8,  3,  1):     -0.003    +6.194    +6.195    -0.004    -6.203    -6.203    -0.001
(7, 3, 1)
 ( 1,  0,  0):     -2.739    -1.369    +1.369    +2.738    +1.369    -1.369    -0.000
 ( 2,  1,  1):     +0.000    +0.285    -0.285    +0.000    +0.285    -0.285    +0.000
 ( 3,  1,  1):     -0.089    -0.582    -0.582    -0.089    -0.582    -0.582    -1.050
 ( 4,  2,  0):     -1.484    -0.742    +0.742    +1.484    +0.742    -0.742    -0.000
 ( 5,  2,  2):     +0.000    +0.663    +0.663    -0.000    -0.663    -0.663    +0.000
 ( 6,  2,  2):     -0.768    -0.380    +0.380    +0.769    +0.380    -0.380    +0.000
 ( 7,  3,  1):     -0.950    -0.945    -0.945    -0.949    -0.945    -0.945    -0.924
 ( 8,  3,  1):     +0.000    -0.002    +0.002    +0.000    -0.002    +0.002    +0.000
(8, 3, 1)
 ( 1,  0,  0):     -0.000    -2.371    -2.372    +0.000    +2.371    +2.371    -0.000
 ( 2,  1,  1):     -0.747    -0.253    -0.253    -0.747    -0.253    -0.253    -1.050
 ( 3,  1,  1):     +0.000    +0.285    -0.285    +0.000    +0.285    -0.285    +0.000
 ( 4,  2,  0):     -0.000    -1.285    -1.285    +0.000    +1.285    +1.285    -0.000
 ( 5,  2,  2):     +0.763    +0.386    -0.385    -0.763    -0.386    +0.385    +0.000
 ( 6,  2,  2):     -0.000    +0.663    +0.663    -0.000    -0.663    -0.663    -0.000
 ( 7,  3,  1):     +0.000    -0.003    +0.002    +0.000    -0.002    +0.003    +0.000
 ( 8,  3,  1):     -0.944    -0.948    -0.948    -0.944    -0.948    -0.948    -0.924
