# expected double_zernike output with ENTRANCE=1 with the reference sphere of the current delrays (paraxial focus, medial radius), Python re-implementation, nm
(5, 2, 2)
 ( 1,  0,  0):     +0.000    +7.817    -7.815    +0.000    +7.816    -7.816    +0.000
 ( 2,  1,  1):     +8.676    +3.166    -3.168    -8.676    -3.166    +3.168    +0.000
 ( 3,  1,  1):     -0.001    +6.837    +6.838    +0.001    -6.837    -6.837    +0.000
 ( 4,  2,  0):     +0.001    +4.372    -4.368    +0.001    +4.370    -4.371    +0.000
 ( 5,  2,  2):   -253.453  -253.454  -253.456  -253.452  -253.453  -253.455  -248.016
 ( 6,  2,  2):     +0.001    -0.002    -0.000    -0.000    +0.001    +0.004    +0.000
 ( 7,  3,  1):     -0.000    +6.696    +6.698    +0.001    -6.696    -6.696    +0.000
 ( 8,  3,  1):     +7.723    +3.874    -3.875    -7.723    -3.874    +3.876    +0.000
(6, 2, 2)
 ( 1,  0,  0):     -9.026    +4.512    +4.513    -9.025    +4.513    +4.512    +0.000
 ( 2,  1,  1):     +0.001    +6.838    +6.836    -0.001    -6.838    -6.837    -0.000
 ( 3,  1,  1):     -7.114    -4.729    +4.727    +7.115    +4.729    -4.727    +0.000
 ( 4,  2,  0):     -5.048    +2.522    +2.524    -5.045    +2.524    +2.523    +0.000
 ( 5,  2,  2):     +0.000    +0.000    +0.001    -0.001    -0.000    +0.003    +0.000
 ( 6,  2,  2):   -253.453  -253.452  -253.453  -253.457  -253.455  -253.453  -248.016
 ( 7,  3,  1):     -7.740    -3.857    +3.857    +7.743    +3.859    -3.856    +0.000
 ( 8,  3,  1):     +0.000    +6.696    +6.695    -0.001    -6.697    -6.696    -0.000
(7, 3, 1)
 ( 1,  0,  0):     +2.660    +1.330    -1.330    -2.660    -1.330    +1.330    +0.000
 ( 2,  1,  1):     -0.000    -0.281    +0.281    -0.000    -0.281    +0.281    -0.000
 ( 3,  1,  1):     +0.452    +0.939    +0.940    +0.453    +0.939    +0.939    +1.426
 ( 4,  2,  0):     +1.399    +0.699    -0.699    -1.398    -0.699    +0.699    +0.000
 ( 5,  2,  2):     +0.000    -0.654    -0.654    -0.000    +0.653    +0.654    -0.000
 ( 6,  2,  2):     +0.755    +0.376    -0.377    -0.756    -0.377    +0.376    -0.000
 ( 7,  3,  1):     +1.079    +1.074    +1.074    +1.080    +1.074    +1.073    +1.068
 ( 8,  3,  1):     -0.000    +0.003    -0.003    -0.000    +0.003    -0.003    -0.000
(8, 3, 1)
 ( 1,  0,  0):     +0.000    +2.303    +2.303    -0.000    -2.303    -2.303    +0.000
 ( 2,  1,  1):     +1.102    +0.615    +0.615    +1.102    +0.615    +0.615    +1.426
 ( 3,  1,  1):     -0.000    -0.281    +0.281    -0.000    -0.281    +0.281    -0.000
 ( 4,  2,  0):     +0.000    +1.211    +1.211    -0.000    -1.211    -1.211    +0.000
 ( 5,  2,  2):     -0.754    -0.378    +0.378    +0.754    +0.378    -0.378    -0.000
 ( 6,  2,  2):     +0.000    -0.654    -0.654    +0.000    +0.654    +0.654    +0.000
 ( 7,  3,  1):     -0.000    +0.003    -0.003    -0.000    +0.003    -0.003    -0.000
 ( 8,  3,  1):     +1.072    +1.077    +1.077    +1.072    +1.077    +1.077    +1.068
