# synthetic double-Zernike coefficients (nm) from the 11-term model, entrance layout
(5, 0, 0)
 ( 1,  0,  0): +7.536027656463e-14 +8.130911614898e+00 -8.130911614897e+00 +1.693598671588e-13 +8.130911614898e+00 -8.130911614898e+00 +1.167309496806e-14
 ( 2,  0,  0): +8.326240174586e+00 +2.980520682789e+00 -2.980520682789e+00 -8.326240174586e+00 -2.980520682789e+00 +2.980520682789e+00 +3.242303318477e-14
 ( 3,  0,  0): -1.760837749378e-15 +6.527961424668e+00 +6.527961424668e+00 +5.002542223507e-16 -6.527961424668e+00 -6.527961424668e+00 -1.016319549018e-15
 ( 4,  0,  0): +5.470290220372e-14 +4.524946410788e+00 -4.524946410788e+00 +1.014741103619e-13 +4.524946410788e+00 -4.524946410788e+00 +1.111217334329e-14
 ( 5,  0,  0): -2.533041811190e+02 -2.533055916742e+02 -2.533055916742e+02 -2.533041811190e+02 -2.533055916742e+02 -2.533055916742e+02 -2.479750341667e+02
 ( 6,  0,  0): -7.529537195940e-14 -8.143844215991e-04 +8.143844218904e-04 -1.334177967462e-13 -8.143844218556e-04 +8.143844216920e-04 +1.031496738397e-14
 ( 7,  0,  0): -9.767878579692e-16 +6.485017942975e+00 +6.485017942975e+00 +4.191595471213e-15 -6.485017942975e+00 -6.485017942975e+00 -2.573453301996e-15
 ( 8,  0,  0): +7.482561564055e+00 +3.749819001174e+00 -3.749819001174e+00 -7.482561564055e+00 -3.749819001174e+00 +3.749819001174e+00 +6.268744285532e-15
(6, 0, 0)
 ( 1,  0,  0): -9.388768019236e+00 +4.694384009619e+00 +4.694384009618e+00 -9.388768019236e+00 +4.694384009618e+00 +4.694384009618e+00 +2.648266154532e-15
 ( 2,  0,  0): +2.846708087540e-14 +6.527961424668e+00 +6.527961424668e+00 +3.040980296172e-14 -6.527961424668e+00 -6.527961424668e+00 +3.391328384805e-14
 ( 3,  0,  0): -6.749440968581e+00 -4.557319888794e+00 +4.557319888794e+00 +6.749440968581e+00 +4.557319888794e+00 -4.557319888794e+00 +2.372033622094e-14
 ( 4,  0,  0): -5.224958056674e+00 +2.612479028337e+00 +2.612479028337e+00 -5.224958056674e+00 +2.612479028337e+00 +2.612479028337e+00 -1.764987690924e-15
 ( 5,  0,  0): +1.560331461244e-13 -8.143844214837e-04 +8.143844217209e-04 -1.966126386999e-13 -8.143844218893e-04 +8.143844216924e-04 +2.899504304882e-17
 ( 6,  0,  0): -2.533060618593e+02 -2.533046513041e+02 -2.533046513041e+02 -2.533060618593e+02 -2.533046513041e+02 -2.533046513041e+02 -2.479750341667e+02
 ( 7,  0,  0): -7.493945856250e+00 -3.738434708979e+00 +3.738434708979e+00 +7.493945856250e+00 +3.738434708979e+00 -3.738434708979e+00 +3.160186299673e-15
 ( 8,  0,  0): +8.876601927314e-16 +6.485017942975e+00 +6.485017942975e+00 +5.011812498109e-15 -6.485017942975e+00 -6.485017942975e+00 +9.164550445885e-15
(7, 0, 0)
 ( 1,  0,  0): +2.792274943165e+00 +1.396137471582e+00 -1.396137471582e+00 -2.792274943165e+00 -1.396137471582e+00 +1.396137471582e+00 +1.890528900856e-15
 ( 2,  0,  0): -4.553643606726e-15 -2.839392657484e-01 +2.839392657485e-01 +1.131493091120e-14 -2.839392657485e-01 +2.839392657484e-01 +3.189536561502e-16
 ( 3,  0,  0): +3.967290366190e-01 +8.885262711591e-01 +8.885262711591e-01 +3.967290366190e-01 +8.885262711591e-01 +8.885262711591e-01 +1.380323505699e+00
 ( 4,  0,  0): +1.448400034800e+00 +7.242000173999e-01 -7.242000173999e-01 -1.448400034800e+00 -7.242000173998e-01 +7.242000173999e-01 +1.400310772009e-15
 ( 5,  0,  0): -6.666597823458e-15 -6.405166620871e-01 -6.405166620871e-01 -2.543196387752e-14 +6.405166620871e-01 +6.405166620871e-01 -7.305274163521e-16
 ( 6,  0,  0): +7.401263525159e-01 +3.692810493133e-01 -3.692810493133e-01 -7.401263525160e-01 -3.692810493133e-01 +3.692810493133e-01 +5.921884467876e-15
 ( 7,  0,  0): +1.042704484066e+00 +1.039153769811e+00 +1.039153769811e+00 +1.042704484066e+00 +1.039153769811e+00 +1.039153769811e+00 +1.035603055556e+00
 ( 8,  0,  0): -4.519869865858e-15 +2.050005831125e-03 -2.050005831129e-03 +2.118703991497e-15 +2.050005831114e-03 -2.050005831134e-03 +2.110829630276e-16
(8, 0, 0)
 ( 1,  0,  0): -3.159905095845e-14 +2.418181035131e+00 +2.418181035131e+00 -3.480820673692e-14 -2.418181035131e+00 -2.418181035131e+00 +1.038438618385e-14
 ( 2,  0,  0): +1.052458682672e+00 +5.606614481324e-01 +5.606614481324e-01 +1.052458682672e+00 +5.606614481324e-01 +5.606614481324e-01 +1.380323505699e+00
 ( 3,  0,  0): -1.662441750948e-15 -2.839392657485e-01 +2.839392657484e-01 -7.221994927306e-15 -2.839392657484e-01 +2.839392657484e-01 +3.705803746442e-16
 ( 4,  0,  0): -1.735751430197e-14 +1.254351224979e+00 +1.254351224979e+00 -2.785591368848e-14 -1.254351224979e+00 -1.254351224979e+00 +5.860289136982e-15
 ( 5,  0,  0): -7.390835165898e-01 -3.703238852395e-01 +3.703238852396e-01 +7.390835165898e-01 +3.703238852395e-01 -3.703238852395e-01 +3.519138923307e-15
 ( 6,  0,  0): +3.414698223070e-14 -6.405166620872e-01 -6.405166620872e-01 +4.095965418734e-14 +6.405166620871e-01 +6.405166620872e-01 +8.643368896994e-15
 ( 7,  0,  0): +3.422695925453e-16 +2.050005831125e-03 -2.050005831139e-03 -6.085960650777e-15 +2.050005831126e-03 -2.050005831129e-03 -4.715075818650e-16
 ( 8,  0,  0): +1.037970198392e+00 +1.041520912648e+00 +1.041520912648e+00 +1.037970198392e+00 +1.041520912648e+00 +1.041520912648e+00 +1.035603055556e+00
