# expected double_zernike output with ENTRANCE=1 (numpy replica of the delrays/CEO pipeline), nm
(5, 2, 2)
 ( 1,  0,  0):    +0.000    +7.820    -7.818    +0.000    +7.819    -7.819    +0.000
 ( 2,  1,  1):    +8.646    +3.151    -3.153    -8.646    -3.151    +3.153    +0.000
 ( 3,  1,  1):    -0.001    +6.811    +6.813    +0.001    -6.812    -6.812    +0.000
 ( 4,  2,  0):    +0.001    +4.374    -4.370    +0.001    +4.372    -4.372    +0.000
 ( 5,  2,  2):  -253.453  -253.454  -253.456  -253.452  -253.452  -253.455  -248.016
 ( 6,  2,  2):    +0.001    -0.002    -0.000    -0.000    +0.001    +0.004    +0.000
 ( 7,  3,  1):    -0.000    +6.687    +6.690    +0.001    -6.688    -6.687    +0.000
 ( 8,  3,  1):    +7.714    +3.870    -3.871    -7.713    -3.869    +3.871    +0.000
(6, 2, 2)
 ( 1,  0,  0):    -9.029    +4.514    +4.514    -9.028    +4.514    +4.514    +0.000
 ( 2,  1,  1):    +0.001    +6.812    +6.811    -0.001    -6.813    -6.812    -0.000
 ( 3,  1,  1):    -7.084    -4.714    +4.713    +7.086    +4.715    -4.712    +0.000
 ( 4,  2,  0):    -5.049    +2.523    +2.524    -5.047    +2.525    +2.524    +0.000
 ( 5,  2,  2):    +0.000    +0.000    +0.001    -0.001    -0.000    +0.003    +0.000
 ( 6,  2,  2):  -253.453  -253.451  -253.453  -253.457  -253.454  -253.453  -248.016
 ( 7,  3,  1):    -7.730    -3.853    +3.852    +7.734    +3.854    -3.851    +0.000
 ( 8,  3,  1):    +0.000    +6.688    +6.687    -0.001    -6.688    -6.687    -0.000
(7, 3, 1)
 ( 1,  0,  0):    +2.661    +1.330    -1.330    -2.661    -1.330    +1.330    +0.000
 ( 2,  1,  1):    -0.000    -0.281    +0.281    -0.000    -0.281    +0.281    -0.000
 ( 3,  1,  1):    +0.448    +0.935    +0.936    +0.448    +0.935    +0.935    +1.422
 ( 4,  2,  0):    +1.399    +0.700    -0.699    -1.399    -0.699    +0.700    +0.000
 ( 5,  2,  2):    +0.000    -0.654    -0.654    -0.000    +0.653    +0.654    -0.000
 ( 6,  2,  2):    +0.755    +0.376    -0.377    -0.756    -0.377    +0.376    -0.000
 ( 7,  3,  1):    +1.078    +1.072    +1.073    +1.078    +1.072    +1.072    +1.067
 ( 8,  3,  1):    -0.000    +0.003    -0.003    -0.000    +0.003    -0.003    -0.000
(8, 3, 1)
 ( 1,  0,  0):    +0.000    +2.304    +2.304    -0.000    -2.304    -2.304    +0.000
 ( 2,  1,  1):    +1.098    +0.611    +0.611    +1.098    +0.611    +0.611    +1.422
 ( 3,  1,  1):    -0.000    -0.281    +0.281    -0.000    -0.281    +0.281    -0.000
 ( 4,  2,  0):    +0.000    +1.212    +1.211    -0.000    -1.212    -1.212    +0.000
 ( 5,  2,  2):    -0.754    -0.378    +0.378    +0.754    +0.378    -0.378    -0.000
 ( 6,  2,  2):    +0.000    -0.654    -0.654    +0.000    +0.654    +0.654    +0.000
 ( 7,  3,  1):    -0.000    +0.003    -0.003    -0.000    +0.003    -0.003    -0.000
 ( 8,  3,  1):    +1.070    +1.076    +1.076    +1.070    +1.076    +1.076    +1.067
