# exact projections (nm) of the 136-term GMT wavefront, pupil Noll 1-10, field Noll 1-21, entrance layout
(1, 0, 0)
 ( 1,  0,  0): -5.761449633682e+02 -5.761449633682e+02 -5.761449633682e+02 -5.761449633682e+02 -5.761449633682e+02 -5.761449633682e+02 -6.547073420690e+01
 ( 2,  1,  1): -2.002380532182e-13 +1.372400748660e+02 +1.372400748660e+02 -2.016710018191e-13 -1.372400748660e+02 -1.372400748660e+02 -3.298974022082e-15
 ( 3,  1,  1): +1.584711883350e+02 +7.923559416748e+01 -7.923559416748e+01 -1.584711883350e+02 -7.923559416748e+01 +7.923559416748e+01 +2.520553545527e-15
 ( 4,  2,  0): -5.185956528595e+02 -5.185956528595e+02 -5.185956528595e+02 -5.185956528595e+02 -5.185956528595e+02 -5.185956528595e+02 -5.724111128353e+01
 ( 5,  2,  2): -1.435870864897e-13 -2.301165132082e+03 +2.301165132082e+03 +2.790404206486e-13 -2.301165132082e+03 +2.301165132082e+03 +1.975894786014e-14
 ( 6,  2,  2): +2.657156616915e+03 -1.328578308457e+03 -1.328578308457e+03 +2.657156616915e+03 -1.328578308457e+03 -1.328578308457e+03 +8.750679456636e-15
 ( 7,  3,  1): +1.132438609096e+02 +5.662193045479e+01 -5.662193045479e+01 -1.132438609096e+02 -5.662193045479e+01 +5.662193045479e+01 -2.173119125436e-16
 ( 8,  3,  1): -3.083608511898e-14 +9.807206037033e+01 +9.807206037033e+01 -2.640130938570e-14 -9.807206037033e+01 -9.807206037033e+01 +4.917647634021e-15
 ( 9,  3,  3): +5.099655993066e-01 -5.099655993066e-01 +5.099655993063e-01 -5.099655993062e-01 +5.099655993064e-01 -5.099655993067e-01 -1.127725825167e-14
 (10,  3,  3): +8.002566315027e-14 +3.168104993519e-13 +8.757538171934e-14 -1.782620070744e-13 +3.360642299078e-13 +2.507645796848e-13 +1.088911496531e-14
 (11,  4,  0): -1.485615977263e+02 -1.485615977263e+02 -1.485615977263e+02 -1.485615977263e+02 -1.485615977263e+02 -1.485615977263e+02 -1.532631304135e+01
 (12,  4,  2): +2.176116361910e-01 -1.088058180955e-01 -1.088058180956e-01 +2.176116361910e-01 -1.088058180956e-01 -1.088058180957e-01 +1.488100915276e-14
 (13,  4,  2): +3.739743692287e-14 -1.884572051004e-01 +1.884572051004e-01 -6.392382576438e-15 -1.884572051004e-01 +1.884572051005e-01 +7.258507263036e-15
 (14,  4,  4): -2.174161469640e-04 +1.087080734787e-04 +1.087080737347e-04 -2.174161469355e-04 +1.087080736177e-04 +1.087080739262e-04 +3.106547403844e-15
 (15,  4,  4): -1.070839631253e-13 -1.882879070517e-04 +1.882879067254e-04 +2.164430446629e-13 -1.882879069282e-04 +1.882879066862e-04 +3.138937081020e-15
 (16,  5,  1): -5.407951992423e-15 +6.386507957106e-01 +6.386507957106e-01 -2.815120508106e-15 -6.386507957106e-01 -6.386507957106e-01 +1.867587900506e-15
 (17,  5,  1): +7.374504176434e-01 +3.687252088217e-01 -3.687252088217e-01 -7.374504176434e-01 -3.687252088217e-01 +3.687252088216e-01 +4.707057784775e-15
 (18,  5,  3): +9.323912375522e-14 -1.289150475876e-13 +6.029924389613e-14 +3.205409223722e-14 -1.925344732320e-14 +3.050319102662e-14 -3.542554538236e-15
 (19,  5,  3): -2.198317872948e-04 +2.198317872607e-04 -2.198317873375e-04 +2.198317873074e-04 -2.198317872906e-04 +2.198317873083e-04 +1.726005414882e-15
 (20,  5,  5): -9.649218317753e-14 +3.653202407558e-08 +3.653180142631e-08 -4.144666159201e-13 -3.653095741632e-08 -3.653106398644e-08 +2.777094293564e-14
 (21,  5,  5): -4.218344032981e-08 -2.109119516274e-08 +2.109190213302e-08 +4.218303180303e-08 +2.109151628213e-08 -2.109128500096e-08 -4.116210823213e-14
(2, 1, 1)
 ( 1,  0,  0): +1.244091183728e-14 -1.961513339685e+02 -1.961513339685e+02 +4.468768829231e-14 +1.961513339685e+02 +1.961513339685e+02 +4.302056167765e-15
 ( 2,  1,  1): +3.650289881793e+01 +6.930911415781e+01 +6.930911415781e+01 +3.650289881793e+01 +6.930911415781e+01 +6.930911415781e+01 +1.264124211276e+01
 ( 3,  1,  1): -6.284657854072e-14 +1.894067725757e+01 -1.894067725757e+01 +7.190539366256e-14 +1.894067725757e+01 -1.894067725757e+01 -2.082458377795e-16
 ( 4,  2,  0): -1.065023356345e-14 -1.824073268963e+02 -1.824073268963e+02 +4.484135152224e-14 +1.824073268963e+02 +1.824073268963e+02 +5.654732461328e-15
 ( 5,  2,  2): -1.274888052193e+03 -6.443744023972e+02 +6.443744023972e+02 +1.274888052193e+03 +6.443744023972e+02 -6.443744023972e+02 +6.251116054522e-15
 ( 6,  2,  2): -1.960946755138e-13 -1.108086694803e+03 -1.108086694803e+03 -1.398409532110e-13 +1.108086694803e+03 +1.108086694803e+03 +2.494660442302e-14
 ( 7,  3,  1): -2.354610172587e-15 +1.702047005375e+01 -1.702047005375e+01 +9.223135180178e-15 +1.702047005375e+01 -1.702047005375e+01 +7.444487721302e-16
 ( 8,  3,  1): +2.567742110200e+01 +5.515774000380e+01 +5.515774000380e+01 +2.567742110200e+01 +5.515774000380e+01 +5.515774000380e+01 +6.046436329508e+00
 ( 9,  3,  3): +1.559317162131e-13 -3.088808142903e-01 +3.088808142899e-01 -1.250979852668e-13 -3.088808142900e-01 +3.088808142903e-01 +1.792093790978e-15
 (10,  3,  3): +3.705249381062e-01 -1.852624690531e-01 -1.852624690531e-01 +3.705249381064e-01 -1.852624690533e-01 -1.852624690531e-01 +1.915113241615e-16
 (11,  4,  0): -3.324731723435e-14 -5.548928729631e+01 -5.548928729631e+01 +2.637157129768e-14 +5.548928729631e+01 +5.548928729631e+01 +3.408428535613e-15
 (12,  4,  2): -7.751270018560e-15 -1.057889849517e-01 -1.057889849517e-01 -3.709757784116e-16 +1.057889849517e-01 +1.057889849517e-01 -4.096942506697e-16
 (13,  4,  2): -9.919024882315e-02 -8.404164799450e-02 +8.404164799449e-02 +9.919024882316e-02 +8.404164799457e-02 -8.404164799448e-02 -1.200654852991e-16
 (14,  4,  4): -1.697503631288e-15 +6.843749754495e-06 +6.843749761309e-06 +3.403452374471e-14 -6.843749768492e-06 -6.843749820649e-06 -4.648311928627e-16
 (15,  4,  4): +2.027056363022e-04 -2.145593583549e-04 +2.145593582497e-04 -2.027056362728e-04 +2.145593583148e-04 -2.145593581863e-04 +2.031035565866e-16
 (16,  5,  1): +1.659692504728e-01 +3.821266115843e-01 +3.821266115843e-01 +1.659692504728e-01 +3.821266115843e-01 +3.821266115843e-01 +2.207862367548e-02
 (17,  5,  1): -3.457781630157e-15 +1.247985106251e-01 -1.247985106251e-01 +1.428185944419e-15 +1.247985106251e-01 -1.247985106251e-01 +9.296511200717e-16
 (18,  5,  3): -1.486769635657e-04 +7.433848173250e-05 +7.433848175805e-05 -1.486769635260e-04 +7.433848179321e-05 +7.433848174693e-05 -1.593982873063e-15
 (19,  5,  3): -2.090562193357e-14 +1.648291612146e-04 -1.648291612475e-04 -1.147678928831e-14 +1.648291611961e-04 -1.648291612104e-04 +9.491086086367e-18
 (20,  5,  5): -2.825287010869e-07 -1.448702725029e-07 -1.448702204899e-07 -2.825287066338e-07 -1.448706146951e-07 -1.448708740591e-07 -1.821481996617e-15
 (21,  5,  5): -6.262185159768e-14 -7.947711914111e-08 +7.947711734612e-08 +6.988280846896e-14 -7.947692887306e-08 +7.947686102236e-08 -2.370967316198e-16
(3, 1, 1)
 ( 1,  0,  0): -2.264960509373e+02 -1.132480254686e+02 +1.132480254686e+02 +2.264960509373e+02 +1.132480254686e+02 -1.132480254686e+02 +3.031143947955e-15
 ( 2,  1,  1): -1.166080090638e-13 +1.894067725757e+01 -1.894067725757e+01 +1.340225917954e-13 +1.894067725757e+01 -1.894067725757e+01 -5.852826616310e-16
 ( 3,  1,  1): +8.024451927110e+01 +4.743830393122e+01 +4.743830393122e+01 +8.024451927110e+01 +4.743830393122e+01 +4.743830393122e+01 +1.264124211276e+01
 ( 4,  2,  0): -2.106258385715e+02 -1.053129192857e+02 +1.053129192857e+02 +2.106258385715e+02 +1.053129192857e+02 -1.053129192857e+02 +1.481480454057e-15
 ( 5,  2,  2): -1.257022158992e-13 -1.108086694803e+03 -1.108086694803e+03 -5.339761460760e-14 +1.108086694803e+03 +1.108086694803e+03 -1.064961394915e-14
 ( 6,  2,  2): +1.284128553927e+03 +6.351339006631e+02 -6.351339006631e+02 -1.284128553927e+03 -6.351339006631e+02 +6.351339006631e+02 +1.141167366115e-15
 ( 7,  3,  1): +6.498451297107e+01 +3.550419406927e+01 +3.550419406927e+01 +6.498451297107e+01 +3.550419406927e+01 +3.550419406927e+01 +6.046436329508e+00
 ( 8,  3,  1): -2.304376117336e-14 +1.702047005375e+01 -1.702047005375e+01 +4.661137336757e-15 +1.702047005375e+01 -1.702047005375e+01 +2.964171210274e-16
 ( 9,  3,  3): +3.566648425559e-01 -1.783324212779e-01 -1.783324212779e-01 +3.566648425558e-01 -1.783324212781e-01 -1.783324212780e-01 -6.166005992611e-16
 (10,  3,  3): -6.230914944393e-14 +3.208840091357e-01 -3.208840091357e-01 -5.722440191071e-14 +3.208840091357e-01 -3.208840091357e-01 -3.409801033298e-17
 (11,  4,  0): -6.407350991533e+01 -3.203675495766e+01 +3.203675495766e+01 +6.407350991533e+01 +3.203675495766e+01 -3.203675495766e+01 -3.188878937448e-15
 (12,  4,  2): +1.451189469337e-01 +3.811294988384e-02 -3.811294988393e-02 -1.451189469337e-01 -3.811294988390e-02 +3.811294988394e-02 -7.945516735458e-16
 (13,  4,  2): -3.306039713394e-14 -1.057889849518e-01 -1.057889849519e-01 +5.288817478763e-14 +1.057889849519e-01 +1.057889849518e-01 -1.777196364141e-16
 (14,  4,  4): -2.185105990158e-04 +2.066568769686e-04 -2.066568769593e-04 +2.185105990850e-04 -2.066568769136e-04 +2.066568770690e-04 +2.744234302441e-16
 (15,  4,  4): +1.119778598042e-13 -6.843749623259e-06 -6.843749655319e-06 -9.391067442221e-14 +6.843749622796e-06 +6.843749594193e-06 -3.766916989425e-16
 (16,  5,  1): +8.938031089601e-16 +1.247985106251e-01 -1.247985106251e-01 -2.371070314144e-14 +1.247985106251e-01 -1.247985106251e-01 +5.684164584084e-16
 (17,  5,  1): +4.541790652882e-01 +2.380217041766e-01 +2.380217041767e-01 +4.541790652882e-01 +2.380217041766e-01 +2.380217041766e-01 +2.207862367548e-02
 (18,  5,  3): +4.554992188029e-14 -1.287580273349e-04 +1.287580273723e-04 +2.341466297389e-14 -1.287580273844e-04 +1.287580273820e-04 -9.126404015963e-16
 (19,  5,  3): -1.903283212064e-04 +9.516416060279e-05 +9.516416060781e-05 -1.903283212012e-04 +9.516416061761e-05 +9.516416054206e-05 +1.449145710074e-15
 (20,  5,  5): +1.428649359034e-13 +7.947710894986e-08 -7.947694785967e-08 +5.209262452765e-14 +7.947708770041e-08 -7.947705614099e-08 +5.382681317785e-15
 (21,  5,  5): +9.898424551129e-08 +2.366424815960e-07 +2.366425953796e-07 +9.898454813222e-08 +2.366426943546e-07 +2.366427286814e-07 -8.284071159439e-17
(4, 2, 0)
 ( 1,  0,  0): -2.527382261806e+01 -2.527382261806e+01 -2.527382261806e+01 -2.527382261806e+01 -2.527382261806e+01 -2.527382261806e+01 -3.759273910421e+01
 ( 2,  1,  1): -1.332928682043e-14 +9.656394908290e+00 +9.656394908290e+00 +9.295904915548e-15 -9.656394908290e+00 -9.656394908290e+00 -2.157412995245e-15
 ( 3,  1,  1): +1.115024439941e+01 +5.575122199703e+00 -5.575122199703e+00 -1.115024439941e+01 -5.575122199703e+00 +5.575122199703e+00 +9.225791906358e-15
 ( 4,  2,  0): -2.575971469427e+01 -2.575971469427e+01 -2.575971469427e+01 -2.575971469427e+01 -2.575971469427e+01 -2.575971469427e+01 -3.291065457144e+01
 ( 5,  2,  2): +3.719141159299e-14 -3.329091084995e+00 +3.329091084995e+00 +2.861801983855e-14 -3.329091084995e+00 +3.329091084995e+00 +4.517939477272e-15
 ( 6,  2,  2): +3.844103268158e+00 -1.922051634079e+00 -1.922051634079e+00 +3.844103268158e+00 -1.922051634079e+00 -1.922051634079e+00 +7.612013853586e-15
 ( 7,  3,  1): +1.090861652221e+01 +5.454308261107e+00 -5.454308261107e+00 -1.090861652221e+01 -5.454308261107e+00 +5.454308261107e+00 +1.304466349225e-15
 ( 8,  3,  1): +3.071941362746e-15 +9.447139028381e+00 +9.447139028381e+00 +1.966673786239e-14 -9.447139028381e+00 -9.447139028381e+00 -1.156562618414e-15
 ( 9,  3,  3): -7.695849875646e-03 +7.695849875664e-03 -7.695849875660e-03 +7.695849875692e-03 -7.695849875705e-03 +7.695849875656e-03 +1.907947082667e-15
 (10,  3,  3): -2.017433074995e-14 -3.146708887755e-15 +7.990421742525e-15 -3.482536388444e-14 -2.509254421971e-14 -2.225605400233e-14 -1.792048397467e-15
 (11,  4,  0): -8.911819292961e+00 -8.911819292961e+00 -8.911819292961e+00 -8.911819292960e+00 -8.911819292961e+00 -8.911819292961e+00 -8.849825436211e+00
 (12,  4,  2): +1.913790917816e-02 -9.568954589127e-03 -9.568954589159e-03 +1.913790917822e-02 -9.568954589113e-03 -9.568954589121e-03 +5.569708631426e-15
 (13,  4,  2): +2.618879713177e-14 -1.657391552366e-02 +1.657391552355e-02 -2.027567282210e-14 -1.657391552358e-02 +1.657391552361e-02 +9.515157403992e-15
 (14,  4,  4): -1.099898421598e-05 +5.499492025222e-06 +5.499491961542e-06 -1.099898413388e-05 +5.499491942502e-06 +5.499492032759e-06 +7.053452248688e-15
 (15,  4,  4): -3.235515136627e-14 -9.525399723142e-06 +9.525399730690e-06 -7.088075026981e-14 -9.525399686331e-06 +9.525399716068e-06 -8.516630574233e-15
 (16,  5,  1): +2.462960085259e-15 +6.928943044506e-02 +6.928943044506e-02 +8.229959440166e-15 -6.928943044505e-02 -6.928943044507e-02 -1.225241346893e-15
 (17,  5,  1): +8.000854263892e-02 +4.000427131946e-02 -4.000427131944e-02 -8.000854263890e-02 -4.000427131946e-02 +4.000427131946e-02 +9.466648718804e-16
 (18,  5,  3): -3.224054158453e-14 +4.019155788561e-15 +1.741664635772e-14 -1.206386200349e-14 +7.684531335266e-15 -3.041531567543e-15 +1.073166886853e-15
 (19,  5,  3): -2.324401092061e-05 +2.324401090391e-05 -2.324401090847e-05 +2.324401092885e-05 -2.324401090257e-05 +2.324401092392e-05 -1.804374895748e-15
 (20,  5,  5): +5.323474207909e-14 -2.897427740788e-07 -2.897427783238e-07 +2.635950219819e-14 +2.897428227254e-07 +2.897428427189e-07 +1.392395919241e-14
 (21,  5,  5): +3.345661504194e-07 +1.672831310387e-07 -1.672831008548e-07 -3.345662336399e-07 -1.672831251250e-07 +1.672830829480e-07 -2.052952059458e-14
(5, 2, 2)
 ( 1,  0,  0): +2.153459406826e-14 +7.818676533741e+00 -7.818676533741e+00 +3.577405505036e-14 +7.818676533741e+00 -7.818676533741e+00 -2.126561509505e-15
 ( 2,  1,  1): +8.665074632871e+00 +3.161545507189e+00 -3.161545507189e+00 -8.665074632871e+00 -3.161545507189e+00 +3.161545507189e+00 +5.922607476274e-15
 ( 3,  1,  1): -1.693492296917e-14 +6.828102321467e+00 +6.828102321467e+00 -2.110737163683e-14 -6.828102321467e+00 -6.828102321467e+00 -1.353547230913e-14
 ( 4,  2,  0): +1.746005967726e-14 +4.378027410669e+00 -4.378027410669e+00 +2.497176052473e-14 +4.378027410669e+00 -4.378027410669e+00 -5.016408172529e-15
 ( 5,  2,  2): -2.534457614848e+02 -2.534476041238e+02 -2.534476041238e+02 -2.534457614848e+02 -2.534476041238e+02 -2.534476041238e+02 -2.480130650738e+02
 ( 6,  2,  2): +2.891361450360e-14 -1.063848158875e-03 +1.063848158882e-03 -9.454817937936e-14 -1.063848158887e-03 +1.063848158968e-03 -1.845063686828e-14
 ( 7,  3,  1): +1.995517472239e-15 +6.680136069780e+00 +6.680136069780e+00 -1.858689782542e-16 -6.680136069780e+00 -6.680136069780e+00 +5.491976033275e-16
 ( 8,  3,  1): +7.704693334232e+00 +3.865641740101e+00 -3.865641740101e+00 -7.704693334232e+00 -3.865641740101e+00 +3.865641740101e+00 +1.108125489608e-15
 ( 9,  3,  3): +1.127074590060e-14 -1.192801732084e-01 -1.192801732084e-01 +4.642380690235e-15 +1.192801732085e-01 +1.192801732085e-01 +1.023137733566e-14
 (10,  3,  3): +1.377573016199e-01 +6.887865080995e-02 -6.887865080994e-02 -1.377573016199e-01 -6.887865080993e-02 +6.887865080998e-02 -3.010245350915e-18
 (11,  4,  0): -1.083831301348e-14 -3.812510859384e-02 +3.812510859385e-02 +1.975403918959e-15 -3.812510859385e-02 +3.812510859382e-02 -1.401819629349e-15
 (12,  4,  2): +6.682351252340e-19 -3.019643473765e-05 +3.019643473019e-05 +1.216239004048e-14 -3.019643473040e-05 +3.019643474007e-05 -8.986922914180e-16
 (13,  4,  2): -3.692215955037e-02 -3.697446130952e-02 -3.697446130957e-02 -3.692215955036e-02 -3.697446130953e-02 -3.697446130955e-02 -9.961713293372e-03
 (14,  4,  4): -1.158121569506e-16 +1.124259021653e-04 -1.124259022081e-04 -1.778435561271e-14 +1.124259021338e-04 -1.124259021892e-04 -1.738206044445e-14
 (15,  4,  4): +1.297148693130e-04 -6.501250530816e-05 -6.501250534078e-05 +1.297148693133e-04 -6.501250530657e-05 -6.501250530722e-05 +8.619528151993e-16
 (16,  5,  1): +5.649065616489e-02 +2.837121841435e-02 -2.837121841434e-02 -5.649065616489e-02 -2.837121841436e-02 +2.837121841436e-02 +1.034723825588e-15
 (17,  5,  1): +2.765762696450e-15 +4.899502613227e-02 +4.899502613225e-02 +2.642160837702e-15 -4.899502613226e-02 -4.899502613225e-02 +1.254881111355e-15
 (18,  5,  3): -8.081628923810e-05 -4.040814461469e-05 +4.040814460742e-05 +8.081628923091e-05 +4.040814461261e-05 -4.040814461431e-05 -4.864156839621e-15
 (19,  5,  3): +3.881627213111e-16 +7.026066408946e-05 +7.026066408579e-05 -6.376024548118e-15 -7.026066408895e-05 -7.026066409437e-05 +4.593586073419e-15
 (20,  5,  5): +1.150372687434e-08 -7.993164835458e-08 +7.993165947129e-08 -1.150371956900e-08 +7.993164200290e-08 -7.993164960857e-08 +1.880858486030e-15
 (21,  5,  5): -1.942810910374e-14 +3.950685514929e-08 +3.950685764084e-08 -1.468965945461e-14 -3.950689704583e-08 -3.950689623884e-08 -8.169762828912e-15
(6, 2, 2)
 ( 1,  0,  0): -9.028230002924e+00 +4.514115001462e+00 +4.514115001462e+00 -9.028230002924e+00 +4.514115001462e+00 +4.514115001462e+00 +1.618046231802e-14
 ( 2,  1,  1): +2.738293245799e-14 +6.828102321467e+00 +6.828102321467e+00 +1.866529237038e-14 -6.828102321467e+00 -6.828102321467e+00 +2.334553345633e-14
 ( 3,  1,  1): -7.103752220543e+00 -4.722867919518e+00 +4.722867919518e+00 +7.103752220543e+00 +4.722867919518e+00 -4.722867919518e+00 -1.605968029213e-15
 ( 4,  2,  0): -5.055310608139e+00 +2.527655304069e+00 +2.527655304069e+00 -5.055310608139e+00 +2.527655304069e+00 +2.527655304069e+00 +1.197237782390e-14
 ( 5,  2,  2): +1.633544904545e-13 -1.063848158777e-03 +1.063848158732e-03 -1.604901517234e-13 -1.063848158883e-03 +1.063848158921e-03 +5.259182108028e-15
 ( 6,  2,  2): -2.534482183368e+02 -2.534463756978e+02 -2.534463756978e+02 -2.534482183368e+02 -2.534463756978e+02 -2.534463756978e+02 -2.480130650738e+02
 ( 7,  3,  1): -7.722420098211e+00 -3.847914976121e+00 +3.847914976121e+00 +7.722420098211e+00 +3.847914976121e+00 -3.847914976121e+00 -4.301894447490e-16
 ( 8,  3,  1): +4.342100934464e-15 +6.680136069780e+00 +6.680136069780e+00 +1.502357162039e-15 -6.680136069780e+00 -6.680136069780e+00 +2.606043264207e-15
 ( 9,  3,  3): -1.377328802218e-01 -6.886644011090e-02 +6.886644011086e-02 +1.377328802217e-01 +6.886644011084e-02 -6.886644011090e-02 -1.082741994709e-14
 (10,  3,  3): +1.030430723884e-14 -1.193013227596e-01 -1.193013227596e-01 +2.852677897397e-14 +1.193013227596e-01 +1.193013227596e-01 -3.725584988478e-16
 (11,  4,  0): +4.402308341911e-02 -2.201154170950e-02 -2.201154170952e-02 +4.402308341909e-02 -2.201154170953e-02 -2.201154170952e-02 +2.599605057723e-15
 (12,  4,  2): -3.699189522928e-02 -3.693959347008e-02 -3.693959347006e-02 -3.699189522928e-02 -3.693959347008e-02 -3.693959347008e-02 -9.961713293376e-03
 (13,  4,  2): +7.735280746502e-15 -3.019643473399e-05 +3.019643474623e-05 -7.063536869940e-16 -3.019643473280e-05 +3.019643473947e-05 +2.574720027475e-15
 (14,  4,  4): +1.299216302037e-04 -6.480574442590e-05 -6.480574441307e-05 +1.299216302007e-04 -6.480574443701e-05 -6.480574440560e-05 +8.563268560424e-15
 (15,  4,  4): -1.269432445140e-14 -1.124259021932e-04 +1.124259021598e-04 -2.393941672367e-16 -1.124259021817e-04 +1.124259021497e-04 -4.995335673438e-15
 (16,  5,  1): +1.813191076038e-15 +4.899502613226e-02 +4.899502613226e-02 -5.310442899850e-16 -4.899502613226e-02 -4.899502613226e-02 -2.189624982256e-15
 (17,  5,  1): -5.665850994076e-02 -2.820336463848e-02 +2.820336463848e-02 +5.665850994076e-02 +2.820336463847e-02 -2.820336463847e-02 -7.391019594127e-17
 (18,  5,  3): +1.175712883704e-14 +6.998895950276e-05 +6.998895951708e-05 -9.077281898840e-15 -6.998895950938e-05 -6.998895950461e-05 +2.690105498778e-15
 (19,  5,  3): +8.113002664851e-05 +4.056501333000e-05 -4.056501333043e-05 -8.113002664865e-05 -4.056501331473e-05 +4.056501332191e-05 -1.848191195473e-16
 (20,  5,  5): +3.382953152093e-14 -3.950685629862e-08 -3.950685793914e-08 +2.823996175737e-14 +3.950691780857e-08 +3.950690354107e-08 +2.523338018762e-14
 (21,  5,  5): -1.027409549081e-07 +3.431304224644e-08 -3.431300802398e-08 +1.027409669552e-07 -3.431301863908e-08 +3.431304974861e-08 +1.135327315697e-14
(7, 3, 1)
 ( 1,  0,  0): +2.660394652891e+00 +1.330197326445e+00 -1.330197326445e+00 -2.660394652891e+00 -1.330197326445e+00 +1.330197326445e+00 -2.528360638685e-15
 ( 2,  1,  1): +5.938220788983e-15 -2.811894227357e-01 +2.811894227357e-01 +5.746310212934e-15 -2.811894227357e-01 +2.811894227357e-01 -4.123022455547e-16
 ( 3,  1,  1): +4.510504916392e-01 +9.380848583683e-01 +9.380848583683e-01 +4.510504916392e-01 +9.380848583684e-01 +9.380848583683e-01 +1.425017375876e+00
 ( 4,  2,  0): +1.400941691900e+00 +7.004708459501e-01 -7.004708459502e-01 -1.400941691900e+00 -7.004708459501e-01 +7.004708459501e-01 -2.378124376762e-15
 ( 5,  2,  2): -1.198591683637e-14 -6.531800079862e-01 -6.531800079862e-01 +2.360042624448e-14 +6.531800079862e-01 +6.531800079862e-01 -1.081574488108e-15
 ( 6,  2,  2): +7.549080220141e-01 +3.764329383062e-01 -3.764329383062e-01 -7.549080220141e-01 -3.764329383062e-01 +3.764329383062e-01 +1.221643134862e-15
 ( 7,  3,  1): +1.076559046646e+00 +1.071017844444e+00 +1.071017844444e+00 +1.076559046646e+00 +1.071017844444e+00 +1.071017844444e+00 +1.065495716329e+00
 ( 8,  3,  1): -7.111433614037e-16 +3.199214582676e-03 -3.199214582670e-03 +8.230230708310e-15 +3.199214582672e-03 -3.199214582669e-03 +5.994320105360e-16
 ( 9,  3,  3): -2.278710167735e-03 +1.139355083874e-03 +1.139355083849e-03 -2.278710167723e-03 +1.139355083861e-03 +1.139355083845e-03 -4.789875251286e-16
 (10,  3,  3): -7.130075426089e-15 -1.958871368779e-03 +1.958871368804e-03 +1.294171201941e-16 -1.958871368810e-03 +1.958871368774e-03 -5.201754529581e-16
 (11,  4,  0): -1.230154563687e-02 -6.150772818464e-03 +6.150772818357e-03 +1.230154563678e-02 +6.150772818530e-03 -6.150772818492e-03 -5.350808616857e-16
 (12,  4,  2): +3.789089425971e-03 +1.865555677189e-03 -1.865555677182e-03 -3.789089425899e-03 -1.865555677197e-03 +1.865555677172e-03 -4.924530478912e-17
 (13,  4,  2): -1.021082085912e-14 -3.264710872450e-03 -3.264710872448e-03 +7.230461163344e-15 +3.264710872449e-03 +3.264710872468e-03 +9.037993948826e-16
 (14,  4,  4): -4.483388794878e-06 +4.327802363898e-06 -4.327802445902e-06 +4.483388733444e-06 -4.327802357644e-06 +4.327802343902e-06 +2.111773968693e-16
 (15,  4,  4): +4.854376022887e-14 -8.982779175277e-08 -8.982782924021e-08 -3.741036815410e-14 +8.982781032929e-08 +8.982781484734e-08 -1.014147275434e-15
 (16,  5,  1): +4.389216176086e-15 +3.019870015202e-05 -3.019870016019e-05 -2.332870173956e-15 +3.019870015956e-05 -3.019870014393e-05 +4.577742257972e-16
 (17,  5,  1): +7.911330617850e-03 +7.859024934860e-03 +7.859024934862e-03 +7.911330617856e-03 +7.859024934869e-03 +7.859024934853e-03 +7.806616984495e-03
 (18,  5,  3): -7.205305513903e-15 -5.920496800593e-06 +5.920496790390e-06 +8.073667620107e-15 -5.920496805874e-06 +5.920496784535e-06 -2.571262517800e-16
 (19,  5,  3): -7.021944815031e-06 +3.510972392586e-06 +3.510972402212e-06 -7.021944799645e-06 +3.510972404267e-06 +3.510972395729e-06 -4.299627173856e-18
 (20,  5,  5): +1.582466731135e-14 -1.678817550720e-07 +1.678817542357e-07 +6.111345756371e-16 -1.678817594786e-07 +1.678817345933e-07 +8.292359794235e-16
 (21,  5,  5): +2.340333269873e-07 -5.674641098484e-08 -5.674639042531e-08 +2.340333440494e-07 -5.674641203444e-08 -5.674639289396e-08 -2.599073629055e-16
(8, 3, 1)
 ( 1,  0,  0): -7.123132940254e-15 +2.303969353496e+00 +2.303969353496e+00 +1.943586674193e-14 -2.303969353496e+00 -2.303969353495e+00 +1.361277997402e-16
 ( 2,  1,  1): +1.100429647278e+00 +6.133952805489e-01 +6.133952805489e-01 +1.100429647278e+00 +6.133952805489e-01 +6.133952805489e-01 +1.425017375876e+00
 ( 3,  1,  1): +6.997800159029e-15 -2.811894227357e-01 +2.811894227357e-01 -3.639798751020e-15 -2.811894227357e-01 +2.811894227357e-01 -5.491586357981e-17
 ( 4,  2,  0): -1.085490375483e-14 +1.213251094406e+00 +1.213251094406e+00 +2.133729844560e-14 -1.213251094406e+00 -1.213251094406e+00 -3.224590083818e-16
 ( 5,  2,  2): -7.535465917463e-01 -3.777943685740e-01 +3.777943685740e-01 +7.535465917464e-01 +3.777943685740e-01 -3.777943685740e-01 +7.669076748819e-16
 ( 6,  2,  2): +6.110213033524e-14 -6.531800079862e-01 -6.531800079862e-01 +1.693712117156e-14 +6.531800079862e-01 +6.531800079862e-01 +4.006471780024e-15
 ( 7,  3,  1): -2.948853222764e-15 +3.199214582673e-03 -3.199214582680e-03 -1.566678047064e-16 +3.199214582669e-03 -3.199214582663e-03 +1.829245966065e-18
 ( 8,  3,  1): +1.069170777044e+00 +1.074711979245e+00 +1.074711979245e+00 +1.069170777044e+00 +1.074711979245e+00 +1.074711979245e+00 +1.065495716329e+00
 ( 9,  3,  3): -5.320932018073e-15 +1.973420893098e-03 -1.973420893099e-03 +7.281888390156e-15 +1.973420893097e-03 -1.973420893099e-03 +2.066833424830e-16
 (10,  3,  3): -2.261909824145e-03 +1.130954912083e-03 +1.130954912088e-03 -2.261909824147e-03 +1.130954912068e-03 +1.130954912089e-03 +1.192251736016e-15
 (11,  4,  0): -1.895532460871e-14 -1.065345102730e-02 -1.065345102728e-02 +8.463351779904e-15 +1.065345102724e-02 +1.065345102724e-02 +1.478646708253e-15
 (12,  4,  2): +9.666490142607e-15 -3.264710872462e-03 -3.264710872422e-03 +4.766220152510e-15 +3.264710872451e-03 +3.264710872434e-03 -9.045346791667e-16
 (13,  4,  2): -3.750437378224e-03 -1.904207724888e-03 +1.904207724887e-03 +3.750437378226e-03 +1.904207724904e-03 -1.904207724905e-03 +1.282598825543e-16
 (14,  4,  4): -2.439657164116e-14 +8.982781791501e-08 +8.982782390644e-08 +1.636781794759e-14 -8.982781268114e-08 -8.982780956167e-08 +1.372498152803e-15
 (15,  4,  4): +4.275940226267e-06 -4.431526614509e-06 +4.431526619399e-06 -4.275940261640e-06 +4.431526616398e-06 -4.431526614309e-06 -1.219951064890e-15
 (16,  5,  1): +7.841589707197e-03 +7.893895390195e-03 +7.893895390194e-03 +7.841589707198e-03 +7.893895390189e-03 +7.893895390177e-03 +7.806616984494e-03
 (17,  5,  1): -7.716395773574e-15 +3.019870015195e-05 -3.019870015269e-05 -2.044479424920e-16 +3.019870014749e-05 -3.019870013607e-05 +3.004903053180e-16
 (18,  5,  3): -6.836400836723e-06 +3.418200409883e-06 +3.418200423566e-06 -6.836400832056e-06 +3.418200420222e-06 +3.418200418622e-06 +2.130860810913e-16
 (19,  5,  3): -1.080979586573e-15 +6.081182575607e-06 -6.081182594812e-06 -2.334298746305e-15 +6.081182578178e-06 -6.081182573570e-06 +2.459724505985e-16
 (20,  5,  5): +1.536729633058e-07 -1.371067577933e-07 -1.371067537879e-07 +1.536729777360e-07 -1.371067589091e-07 -1.371067568751e-07 -1.114016824711e-15
 (21,  5,  5): +7.289395642727e-15 +1.678817375106e-07 -1.678817695804e-07 -3.941305025393e-15 +1.678817640435e-07 -1.678817728450e-07 +2.316246785385e-16
(9, 3, 3)
 ( 1,  0,  0): -1.685450515371e-01 +1.685450515370e-01 -1.685450515372e-01 +1.685450515370e-01 -1.685450515371e-01 +1.685450515371e-01 -3.796130196767e-15
 ( 2,  1,  1): +7.740944947103e-15 -2.812322713593e-01 +2.812322713593e-01 -5.074522964024e-16 -2.812322713593e-01 +2.812322713593e-01 +9.128532937295e-16
 ( 3,  1,  1): +3.247390551482e-01 -1.623695275741e-01 -1.623695275741e-01 +3.247390551482e-01 -1.623695275741e-01 -1.623695275741e-01 -1.895418406523e-15
 ( 4,  2,  0): +6.405650349016e-04 -6.405650350208e-04 +6.405650348350e-04 -6.405650350126e-04 +6.405650348759e-04 -6.405650349524e-04 -3.469036867696e-15
 ( 5,  2,  2): -9.541236294260e-14 -6.531795334961e-01 -6.531795334954e-01 +1.327802664153e-13 +6.531795334955e-01 +6.531795334959e-01 +1.206294574151e-14
 ( 6,  2,  2): -7.542267589859e-01 -3.771133794934e-01 +3.771133794928e-01 +7.542267589864e-01 +3.771133794930e-01 -3.771133794931e-01 -2.479969861913e-14
 ( 7,  3,  1): -3.703644313679e-03 +1.851822156848e-03 +1.851822156826e-03 -3.703644313704e-03 +1.851822156834e-03 +1.851822156841e-03 -9.752876257363e-16
 ( 8,  3,  1): +4.558538941443e-15 +3.207450062247e-03 -3.207450062208e-03 +2.726960225476e-15 +3.207450062221e-03 -3.207450062236e-03 -4.734511127292e-16
 ( 9,  3,  3): -1.687684158190e-02 -1.687684158189e-02 -1.687684158190e-02 -1.687684158190e-02 -1.687684158190e-02 -1.687684158190e-02 -2.140045028599e-02
 (10,  3,  3): -1.646250619345e-15 -3.826216665115e-15 +9.349824143656e-15 -3.823086464466e-16 -2.892491516974e-15 -7.496529288692e-15 -3.539577557691e-16
 (11,  4,  0): +1.037352993930e-04 -1.037352994269e-04 +1.037352993379e-04 -1.037352994157e-04 +1.037352993732e-04 -1.037352994131e-04 -7.593015718176e-16
 (12,  4,  2): -3.769755123406e-03 -1.884877561696e-03 +1.884877561698e-03 +3.769755123410e-03 +1.884877561702e-03 -1.884877561701e-03 +7.201445487007e-16
 (13,  4,  2): +8.402862658483e-15 -3.264703702923e-03 -3.264703702914e-03 -3.354485640063e-16 +3.264703702914e-03 +3.264703702914e-03 -1.886880144688e-17
 (14,  4,  4): +4.009786108078e-05 +2.004893054994e-05 -2.004893056022e-05 -4.009786109524e-05 -2.004893053773e-05 +2.004893054709e-05 +1.269900997936e-15
 (15,  4,  4): +2.346964812813e-15 -3.472576633366e-05 -3.472576634826e-05 +1.916801882741e-14 +3.472576634196e-05 +3.472576633805e-05 -5.364596357132e-16
 (16,  5,  1): -4.298484198360e-16 +3.016554216582e-05 -3.016554216423e-05 +1.154380419553e-15 +3.016554216533e-05 -3.016554216320e-05 -3.986139286240e-16
 (17,  5,  1): -3.483216778205e-05 +1.741608389092e-05 +1.741608388615e-05 -3.483216777765e-05 +1.741608388986e-05 +1.741608388868e-05 -2.815456084253e-16
 (18,  5,  3): +7.181709026874e-16 +2.670193998970e-15 -2.926893372243e-15 -1.507959483871e-15 -6.394727277060e-16 +8.838940021334e-16 +4.587440947883e-16
 (19,  5,  3): +1.794470269469e-05 +1.794470270144e-05 +1.794470269154e-05 +1.794470269991e-05 +1.794470269401e-05 +1.794470269123e-05 +4.316025104063e-06
 (20,  5,  5): -2.321180250878e-16 -1.502178996483e-07 +1.502178979847e-07 +8.305966874899e-16 -1.502179034017e-07 +1.502178906143e-07 +6.264448011360e-16
 (21,  5,  5): -1.734566909977e-07 +8.672834084663e-08 +8.672833424801e-08 -1.734566839649e-07 +8.672834142145e-08 +8.672834553640e-08 +3.845808616668e-16
(10, 3, 3)
 ( 1,  0,  0): +3.270924336263e-14 +1.591070896101e-14 +2.228444095199e-14 +5.652290355240e-14 +7.009733774263e-14 +5.886082108392e-14 +5.465775981197e-15
 ( 2,  1,  1): +3.246401004906e-01 -1.623200502453e-01 -1.623200502453e-01 +3.246401004906e-01 -1.623200502453e-01 -1.623200502453e-01 +7.560687512078e-16
 ( 3,  1,  1): -2.304081375378e-15 +2.811465741120e-01 -2.811465741120e-01 +4.952863829385e-15 +2.811465741120e-01 -2.811465741120e-01 +5.963451330990e-17
 ( 4,  2,  0): +3.170456440061e-14 +2.487666047923e-14 +1.562270583410e-14 +4.790188386130e-14 +5.165846528771e-14 +5.721296810698e-14 +5.772867339856e-15
 ( 5,  2,  2): +7.542278547762e-01 +3.771139273883e-01 -3.771139273883e-01 -7.542278547762e-01 -3.771139273879e-01 +3.771139273879e-01 +2.915622285013e-15
 ( 6,  2,  2): -2.112075526313e-13 -6.531804824780e-01 -6.531804824780e-01 -2.267677231139e-13 +6.531804824782e-01 +6.531804824782e-01 +1.033130358776e-14
 ( 7,  3,  1): -8.532122734292e-15 -3.190979103145e-03 +3.190979103151e-03 +5.386139366455e-15 -3.190979103141e-03 +3.190979103139e-03 -3.350362039766e-16
 ( 8,  3,  1): -3.684625288355e-03 +1.842312644176e-03 +1.842312644169e-03 -3.684625288361e-03 +1.842312644184e-03 +1.842312644190e-03 +4.190539744321e-16
 ( 9,  3,  3): -6.076993993860e-15 +3.349600949304e-15 +6.334818600893e-15 +7.969145966723e-15 +2.664996075599e-15 -1.986669656851e-15 -2.992102888456e-16
 (10,  3,  3): -1.687651681756e-02 -1.687651681756e-02 -1.687651681756e-02 -1.687651681755e-02 -1.687651681756e-02 -1.687651681756e-02 -2.140045028599e-02
 (11,  4,  0): +1.092735612140e-14 +1.343583853331e-14 -2.809796401052e-15 +1.206927222977e-14 +6.635010381596e-15 +1.498914741473e-14 +2.550099040505e-15
 (12,  4,  2): -6.297812391785e-15 -3.264718041986e-03 -3.264718041992e-03 +6.783889863024e-15 +3.264718041992e-03 +3.264718041983e-03 -4.293099504589e-16
 (13,  4,  2): +3.769771680736e-03 +1.884885840367e-03 -1.884885840371e-03 -3.769771680743e-03 -1.884885840368e-03 +1.884885840374e-03 -7.234423009190e-17
 (14,  4,  4): -8.075197379083e-16 -3.464721310680e-05 -3.464721311894e-05 +4.783168025019e-15 +3.464721311217e-05 +3.464721311563e-05 +7.915449715682e-16
 (15,  4,  4): -4.000715563317e-05 -2.000357780602e-05 +2.000357781098e-05 +4.000715563057e-05 +2.000357782036e-05 -2.000357781855e-05 +2.102226849762e-15
 (16,  5,  1): -3.490874287527e-05 +1.745437143888e-05 +1.745437143852e-05 -3.490874287780e-05 +1.745437143611e-05 +1.745437143789e-05 -1.093955406266e-16
 (17,  5,  1): -4.586561306911e-15 -3.023185814513e-05 +3.023185814696e-05 +1.796174371321e-15 -3.023185814761e-05 +3.023185814712e-05 +3.591452487164e-18
 (18,  5,  3): +1.804233805682e-05 +1.804233805816e-05 +1.804233805631e-05 +1.804233806062e-05 +1.804233805865e-05 +1.804233805746e-05 +4.316025103319e-06
 (19,  5,  3): +3.375651130207e-15 +2.689282320476e-15 +2.479494484260e-15 -4.378553570327e-15 -2.854305626668e-15 -2.003708360936e-15 -1.219069945339e-16
 (20,  5,  5): -1.965155593956e-07 +9.825778109970e-08 +9.825778080961e-08 -1.965155658633e-07 +9.825777564248e-08 +9.825778101832e-08 +5.514339886551e-16
 (21,  5,  5): +4.444377697806e-15 +1.701874632487e-07 -1.701874729251e-07 -8.902088560993e-15 +1.701874672720e-07 -1.701874625246e-07 -5.242371593108e-16
