# GMT per-surface wave-aberration coefficients (nm), entrance-pupil coordinates,
# rho in segment radii (R = 4.1825 m), zeta in units of the 10 arcmin field radius.
# M1 = M1 alone (prime-focus wavefront), M2 = total - M1. Columns: p n m w_M1 w_M2
0 0 0 +1.355846632089e-03 -1.353467157253e-03
0 1 0 -8.346903495421e-03 +1.086113110987e+00
0 2 0 -2.811002331133e+03 +2.810611317251e+03
0 3 0 +3.790271066644e+01 -3.787085353520e+01
0 4 0 -5.085122324456e-01 +5.082048406669e-01
0 5 0 +6.510492295368e-03 -6.506549815466e-03
0 6 0 -6.098308239933e-05 +6.094608960345e-05
1 0 0 +7.598295196658e-04 -7.790077779646e-04
1 1 0 -3.169285304117e-03 +1.501962425837e+03
1 2 0 -1.385988268358e+01 +2.142953672679e+01
1 3 0 +3.728081743722e-01 -3.726309526657e-01
1 4 0 -4.780674551280e-03 +4.787511785794e-03
1 5 0 +4.198667352785e-05 -4.258210679904e-05
1 6 0 +2.010210319825e-07 -1.792382451170e-07
2 0 0 -4.236428663717e-03 +4.303352570787e-03
2 1 0 +1.437123670555e-02 -3.823950441127e+02
2 2 0 -1.317266590153e-02 -8.601539580381e-02
2 3 0 +5.107590685090e-03 -5.125342873607e-03
2 4 0 -9.631871067153e-04 +9.329153788400e-04
2 5 0 +8.710747293683e-05 -8.421961760438e-05
2 6 0 -3.021831624194e-06 +2.917559642478e-06
3 0 0 +7.354185217991e-03 -7.440139695973e-03
3 1 0 -2.261979260790e-02 -1.692637335826e+01
3 2 0 +2.010996019964e-02 -1.995967859250e-02
3 3 0 -7.576561238528e-03 +7.351604426621e-03
3 4 0 +1.382713169799e-03 -1.336144769688e-03
3 5 0 -1.207666070814e-04 +1.163939114539e-04
3 6 0 +4.044368057042e-06 -3.889340100978e-06
4 0 0 -3.843126469292e-03 +3.878261231534e-03
4 1 0 +1.114369525863e-02 -1.135678026236e+00
4 2 0 -9.666350641989e-03 +9.382173911331e-03
4 3 0 +3.553069617110e-03 -3.441446710210e-03
4 4 0 -6.312025018425e-04 +6.086236248400e-04
4 5 0 +5.354693366350e-05 -5.146278802159e-05
4 6 0 -1.738795140800e-06 +1.666215626386e-06
0 0 1 +1.236924438838e-01 -1.236850121331e-01
0 1 1 +1.642207657781e+05 -1.642465321680e+05
0 2 1 -2.215415716171e+03 +2.214979272116e+03
0 3 1 +2.975405083201e+01 -2.975407729991e+01
0 4 1 -3.836949343818e-01 +3.836950578903e-01
0 5 1 +3.677975224540e-03 -3.677972511397e-03
1 0 1 +5.147509171418e+01 -1.577394719838e-03
1 1 1 -2.359653177459e-01 +7.469489130061e+01
1 2 1 -1.763815886499e-02 +3.069623542027e-02
1 3 1 -4.519398135589e-04 +4.934933425203e-04
1 4 1 +7.149134406131e-05 -7.629308297674e-05
1 5 1 -3.172409466297e-06 +3.399773271379e-06
2 0 1 -2.216954993681e-03 +2.505863452203e-03
2 1 1 +1.562737140747e-02 +2.096605771440e+00
2 2 1 -3.830889486923e-03 +5.096355123489e-03
2 3 1 -6.328364809167e-04 +4.013895484441e-04
2 4 1 +2.120344425961e-04 -1.797962699666e-04
2 5 1 -1.272998535988e-05 +1.117413586464e-05
3 0 1 +5.557802478275e-04 -7.984793108270e-04
3 1 1 -2.136404483205e-02 +1.160419051849e-01
3 2 1 -7.353528778846e-03 +6.202006805190e-03
3 3 1 +7.310644492141e-03 -6.894468985316e-03
3 4 1 -1.316702530958e-03 +1.258357861572e-03
3 5 1 +6.929591113823e-05 -6.646451907162e-05
4 0 1 +4.765001105069e-04 -3.643944957798e-04
4 1 1 +9.733129435873e-03 -4.044555158215e-03
4 2 1 +8.761508489615e-03 -8.122724416679e-03
4 3 1 -6.084833473875e-03 +5.863401854501e-03
4 4 1 +1.038102852018e-03 -1.007045422895e-03
4 5 1 -5.372776427307e-05 +5.221678024809e-05
0 0 2 -4.111704111624e+03 +1.139686465067e+03
0 1 2 +1.110013263008e+02 -1.159110657807e+02
0 2 2 -1.495807380778e+00 +1.495167991339e+00
0 3 2 +2.035381680592e-02 -2.036716091442e-02
0 4 2 -2.875420131295e-04 +2.888431068056e-04
0 5 2 +3.601438762021e-06 -3.648706814618e-06
1 0 2 +4.353933889235e-02 -5.473207551264e-01
1 1 2 -1.267200998541e-02 -1.085980901088e-01
1 2 2 +5.063079356005e-03 -5.482404829493e-03
1 3 2 -1.059713002017e-03 +1.125849968522e-03
1 4 2 +1.111119704361e-04 -1.171985454566e-04
1 5 2 -4.482397227459e-06 +4.691671198407e-06
2 0 2 -2.736022191961e-02 +1.541574711604e-02
2 1 2 +2.047313604727e-02 -2.510926424156e-02
2 2 2 -7.076506673945e-03 +7.572998170651e-03
2 3 2 +1.421646710197e-03 -1.520656264928e-03
2 4 2 -1.523845037662e-04 +1.609816016680e-04
2 5 2 +6.406999968503e-06 -6.677793538682e-06
3 0 2 +1.506177140487e-02 -1.606541963906e-02
3 1 2 -1.062639403053e-02 +1.097526682138e-02
3 2 2 +3.428464090244e-03 -3.675136000136e-03
3 3 2 -6.677401071884e-04 +7.146062682613e-04
3 4 2 +7.217123706785e-05 -7.600505243028e-05
3 5 2 -3.099780760228e-06 +3.208564281685e-06
0 0 3 -2.776313266693e+00 +2.084175660599e+00
0 1 3 +3.516876087925e-02 -2.685963227906e-02
0 2 3 +4.251527582342e-04 -4.876693332731e-04
0 3 3 -9.157999554885e-05 +1.016137302232e-04
0 4 3 +4.323061363777e-06 -4.805894567708e-06
1 0 3 -1.666785937340e-02 +1.827592377026e-02
1 1 3 -1.587820028360e-02 +1.491733948486e-02
1 2 3 +1.084092935547e-02 -1.044383344466e-02
1 3 3 -1.847263788822e-03 +1.791305441054e-03
1 4 3 +9.577450422309e-05 -9.304312398662e-05
2 0 3 +2.859881389954e-02 -3.013722306056e-02
2 1 3 +7.349273648323e-02 -7.160709268944e-02
2 2 3 -4.194742494469e-02 +4.128443268456e-02
2 3 3 +6.886184283606e-03 -6.792988783006e-03
2 4 3 -3.529653592568e-04 +3.483719846116e-04
3 0 3 -1.471973379822e-02 +1.553101744592e-02
3 1 3 -5.563845138204e-02 +5.466692411830e-02
3 2 3 +3.058935886380e-02 -3.025197412065e-02
3 3 3 -4.977738537862e-03 +4.930446193040e-03
3 4 3 +2.544577048386e-04 -2.521121480232e-04
0 0 4 -6.338421517089e-03 +6.125096671027e-03
0 1 4 +4.000859386517e-03 -4.019234684590e-03
0 2 4 -9.663168051483e-04 +9.695489773887e-04
0 3 4 +9.916919092800e-05 -9.972901449241e-05
0 4 4 -3.687615677826e-06 +3.720023863955e-06
1 0 4 +1.531233764595e-02 -1.534406515376e-02
1 1 4 -1.045896465388e-02 +1.048387566224e-02
1 2 4 +2.523899483963e-03 -2.534241050020e-03
1 3 4 -2.581271170085e-04 +2.599891730241e-04
1 4 4 +9.558235486131e-06 -9.668576229230e-06
2 0 4 -9.292185796906e-03 +9.312284511399e-03
2 1 4 +6.398725225937e-03 -6.414039468653e-03
2 2 4 -1.550375507000e-03 +1.557265514880e-03
2 3 4 +1.588744856795e-04 -1.601705233583e-04
2 4 4 -5.887504937320e-06 +5.965924547768e-06
0 0 5 +2.415500936757e-02 -2.416555876776e-02
0 1 5 -1.221570235314e-02 +1.222837370758e-02
0 2 5 +1.949018707841e-03 -1.951051567894e-03
0 3 5 -9.915510439073e-05 +9.922168096182e-05
1 0 5 -7.931917404666e-02 +7.935671082504e-02
1 1 5 +4.008640904494e-02 -4.012597316069e-02
1 2 5 -6.389861012162e-03 +6.396193141097e-03
1 3 5 +3.247601205053e-04 -3.249794961598e-04
2 0 5 +5.542415698686e-02 -5.545235955278e-02
2 1 5 -2.801587745779e-02 +2.804322975644e-02
2 2 5 +4.466056021686e-03 -4.470422275645e-03
2 3 5 -2.269864738011e-04 +2.271425650474e-04
