# GMT per-surface wave-aberration coefficients (nm), entrance-pupil coordinates,
# rho in segment radii (R = 4.1825 m), zeta in units of the 10 arcmin field radius.
# M1 = M1 alone (prime-focus wavefront), M2 = total - M1. Columns: p n m w_M1 w_M2
0 0 0 +1.355846632089e-03 -1.353016403900e-03
0 1 0 -8.346903495421e-03 +8.093614994051e-03
0 2 0 -2.811002331133e+03 +2.810611203515e+03
0 3 0 +3.790271066644e+01 -3.787085367806e+01
0 4 0 -5.085122324456e-01 +5.082048424046e-01
0 5 0 +6.510492295368e-03 -6.506549575481e-03
0 6 0 -6.098308239933e-05 +6.094607123115e-05
1 0 0 +7.598295196658e-04 -7.923939256216e-04
1 1 0 -3.169285304117e-03 +1.486019632428e+03
1 2 0 -1.385988268358e+01 +2.142785714657e+01
1 3 0 +3.728081743722e-01 -3.726344557590e-01
1 4 0 -4.780674551280e-03 +4.788042282992e-03
1 5 0 +4.198667352785e-05 -4.263794354532e-05
1 6 0 +2.010210319825e-07 -1.771404983455e-07
2 0 0 -4.236428663717e-03 +4.349404454842e-03
2 1 0 +1.437123670555e-02 -3.834161101715e+02
2 2 0 -1.317266590153e-02 -8.607832846115e-02
2 3 0 +5.107590685090e-03 -5.113514910867e-03
2 4 0 -9.631871067153e-04 +9.300333633751e-04
2 5 0 +8.710747293683e-05 -8.392459381646e-05
2 6 0 -3.021831624194e-06 +2.906624088745e-06
3 0 0 +7.354185217991e-03 -7.502328983719e-03
3 1 0 -2.261979260790e-02 -1.700075630379e+01
3 2 0 +2.010996019964e-02 -1.993352687299e-02
3 3 0 -7.576561238528e-03 +7.330842142505e-03
3 4 0 +1.382713169799e-03 -1.331250818987e-03
3 5 0 -1.207666070814e-04 +1.159011311646e-04
3 6 0 +4.044368057042e-06 -3.871223689159e-06
4 0 0 -3.843126469292e-03 +3.907625105057e-03
4 1 0 +1.114369525863e-02 -1.142944706949e+00
4 2 0 -9.666350641989e-03 +9.364513913110e-03
4 3 0 +3.553069617110e-03 -3.430475869557e-03
4 4 0 -6.312025018425e-04 +6.060915879877e-04
4 5 0 +5.354693366350e-05 -5.121039365057e-05
4 6 0 -1.738795140800e-06 +1.656986432292e-06
0 0 1 +1.236924438838e-01 -1.236846446056e-01
0 1 1 +1.642207657781e+05 -1.642465261685e+05
0 2 1 -2.215415716171e+03 +2.214979275070e+03
0 3 1 +2.975405083201e+01 -2.975407729624e+01
0 4 1 -3.836949343818e-01 +3.836950544351e-01
0 5 1 +3.677975224540e-03 -3.677972273116e-03
1 0 1 +5.147509171418e+01 -1.580316228548e-03
1 1 1 -2.359653177459e-01 +7.478362758464e+01
1 2 1 -1.763815886499e-02 +3.073566437249e-02
1 3 1 -4.519398135589e-04 +4.940580336800e-04
1 4 1 +7.149134406131e-05 -7.636023657352e-05
1 5 1 -3.172409466297e-06 +3.402772056625e-06
2 0 1 -2.216954993681e-03 +2.510674071355e-03
2 1 1 +1.562737140747e-02 +2.102254302969e+00
2 2 1 -3.830889486923e-03 +5.109570484918e-03
2 3 1 -6.328364809167e-04 +3.972676431336e-04
2 4 1 +2.120344425961e-04 -1.791958023869e-04
2 5 1 -1.272998535988e-05 +1.114485682287e-05
3 0 1 +5.557802478275e-04 -7.980562279652e-04
3 1 1 -2.136404483205e-02 +1.164530921910e-01
3 2 1 -7.353528778846e-03 +6.186640335224e-03
3 3 1 +7.310644492141e-03 -6.887072365530e-03
3 4 1 -1.316702530958e-03 +1.257219744636e-03
3 5 1 +6.929591113823e-05 -6.640785871616e-05
4 0 1 +4.765001105069e-04 -3.669840297002e-04
4 1 1 +9.733129435873e-03 -4.000343427081e-03
4 2 1 +8.761508489615e-03 -8.115496976774e-03
4 3 1 -6.084833473875e-03 +5.859552630558e-03
4 4 1 +1.038102852018e-03 -1.006436351166e-03
4 5 1 -5.372776427307e-05 +5.218612681807e-05
0 0 2 -4.111704111624e+03 +1.139686435467e+03
0 1 2 +1.110013263008e+02 -1.159110874876e+02
0 2 2 -1.495807380778e+00 +1.495173479675e+00
0 3 2 +2.035381680592e-02 -2.036828239182e-02
0 4 2 -2.875420131295e-04 +2.889462132136e-04
0 5 2 +3.601438762021e-06 -3.652244621752e-06
1 0 2 +4.353933889235e-02 -5.478935344238e-01
1 1 2 -1.267200998541e-02 -1.086867459997e-01
1 2 2 +5.063079356005e-03 -5.511846273181e-03
1 3 2 -1.059713002017e-03 +1.131506611674e-03
1 4 2 +1.111119704361e-04 -1.176954893425e-04
1 5 2 -4.482397227459e-06 +4.708053234069e-06
2 0 2 -2.736022191961e-02 +1.544683720757e-02
2 1 2 +2.047313604727e-02 -2.522703912078e-02
2 2 2 -7.076506673945e-03 +7.621602827066e-03
2 3 2 +1.421646710197e-03 -1.529827714951e-03
2 4 2 -1.523845037662e-04 +1.617630174601e-04
2 5 2 +6.406999968503e-06 -6.702751757394e-06
3 0 2 +1.506177140487e-02 -1.610168625529e-02
3 1 2 -1.062639403053e-02 +1.103003323965e-02
3 2 2 +3.428464090244e-03 -3.699876777630e-03
3 3 2 -6.677401071884e-04 +7.192021063998e-04
3 4 2 +7.217123706785e-05 -7.638944854242e-05
3 5 2 -3.099780760228e-06 +3.220587663349e-06
0 0 3 -2.776313266693e+00 +2.084177372510e+00
0 1 3 +3.516876087925e-02 -2.686040139337e-02
0 2 3 +4.251527582342e-04 -4.876156006274e-04
0 3 3 -9.157999554885e-05 +1.016274522008e-04
0 4 3 +4.323061363777e-06 -4.807296305216e-06
1 0 3 -1.666785937340e-02 +1.826676208414e-02
1 1 3 -1.587820028360e-02 +1.491250611811e-02
1 2 3 +1.084092935547e-02 -1.044021432895e-02
1 3 3 -1.847263788822e-03 +1.790697014922e-03
1 4 3 +9.577450422309e-05 -9.301150774443e-05
2 0 3 +2.859881389954e-02 -3.012126147137e-02
2 1 3 +7.349273648323e-02 -7.159250077135e-02
2 2 3 -4.194742494469e-02 +4.127577849774e-02
2 3 3 +6.886184283606e-03 -6.791626068032e-03
2 4 3 -3.529653592568e-04 +3.483040261969e-04
3 0 3 -1.471973379822e-02 +1.552312089258e-02
3 1 3 -5.563845138204e-02 +5.465803683792e-02
3 2 3 +3.058935886380e-02 -3.024697497367e-02
3 3 3 -4.977738537862e-03 +4.929674375679e-03
3 4 3 +2.544577048386e-04 -2.520741732533e-04
0 0 4 -6.338421517089e-03 +6.126047967493e-03
0 1 4 +4.000859386517e-03 -4.020822146390e-03
0 2 4 -9.663168051483e-04 +9.701159774634e-04
0 3 4 +9.916919092800e-05 -9.980261313428e-05
0 4 4 -3.687615677826e-06 +3.723223572148e-06
1 0 4 +1.531233764595e-02 -1.534445352352e-02
1 1 4 -1.045896465388e-02 +1.048666989585e-02
1 2 4 +2.523899483963e-03 -2.535428609589e-03
1 3 4 -2.581271170085e-04 +2.601554467936e-04
1 4 4 +9.558235486131e-06 -9.676143150590e-06
2 0 4 -9.292185796906e-03 +9.311965750583e-03
2 1 4 +6.398725225937e-03 -6.415381997384e-03
2 2 4 -1.550375507000e-03 +1.557911016304e-03
2 3 4 +1.588744856795e-04 -1.602650311795e-04
2 4 4 -5.887504937320e-06 +5.970336584463e-06
0 0 5 +2.415500936757e-02 -2.415975831347e-02
0 1 5 -1.221570235314e-02 +1.222601951511e-02
0 2 5 +1.949018707841e-03 -1.950742494241e-03
0 3 5 -9.915510439073e-05 +9.920820782213e-05
1 0 5 -7.931917404666e-02 +7.934423211183e-02
1 1 5 +4.008640904494e-02 -4.012101099551e-02
1 2 5 -6.389861012162e-03 +6.395559226647e-03
1 3 5 +3.247601205053e-04 -3.249526592561e-04
2 0 5 +5.542415698686e-02 -5.544562123603e-02
2 1 5 -2.801587745779e-02 +2.804058817642e-02
2 2 5 +4.466056021686e-03 -4.470091748813e-03
2 3 5 -2.269864738011e-04 +2.271289004124e-04
